# dataSet2/datSeq256K.bin
0.073565
0.073245
0.074480
0.073511
0.075467
0.054432
0.058962
0.056685
0.059026
0.059507

0.043771
0.046074
0.044375
0.049656
0.036388
0.047934
0.043215
0.043921
0.046121
0.045002

0.030324
0.025621
0.026073
0.027745
0.033575
0.024327
0.025340
0.025307
0.023467
0.022645

0.015283
0.015581
0.024253
0.014703
0.015729
0.015376
0.014274
0.016216
0.022386
0.018860

# dataSet2/datSeq1M.bin
0.173204
0.168633
0.153263
0.127703
0.131129
0.172082
0.155930
0.126507
0.168907
0.128015

0.115608
0.127110
0.111364
0.116299
0.112436
0.116189
0.126302
0.114553
0.107378
0.109376

0.092017
0.095250
0.090688
0.087056
0.087236
0.087271
0.085465
0.087661
0.100215
0.086178

0.051435
0.075661
0.072071
0.076103
0.073858
0.050464
0.071361
0.073193
0.074006
0.048703

# dataSet2/datSeq16M.bin
2.482396
2.497149
2.651666
2.660537
2.628204
2.646354
2.648598
2.434580
2.434664
2.432788

1.549056
1.344759
1.373727
1.361686
1.372688
1.360440
1.369450
1.562767
1.335672
1.472701

0.904544
0.920871
0.956774
0.940141
1.005107
0.981687
0.984272
0.968354
0.893220
1.024639

0.790470
0.778630
0.803708
0.851763
0.773632
0.790190
0.832669
0.845873
0.779172
0.775020

